;Unicode val.	Actual Char	Vowel?	Code for Char	Case	Breathing	Accent	Iota	Extras	Full Code
0386	Ά	0	0	0	0	1	0	0	000010000000
0388	Έ	0	1	0	0	1	0	0	000010000100
0389	Ή	0	2	0	0	1	0	0	000010001000
038A	Ί	0	3	0	0	1	0	0	000010001100
038C	Ό	0	4	0	0	1	0	0	000010010000
038E	Ύ	0	5	0	0	1	0	0	000010010100
038F	Ώ	0	6	0	0	1	0	0	000010011000
0390	ΐ	0	3	1	0	1	0	1	010010001110
0391	Α	0	0	0	0	0	0	0	000000000000
0392	Β	1	0	0	0	0	0	0	000000000001
0393	Γ	1	1	0	0	0	0	0	000000000101
0394	Δ	1	2	0	0	0	0	0	000000001001
0395	Ε	0	1	0	0	0	0	0	000000000100
0396	Ζ	1	3	0	0	0	0	0	000000001101
0397	Η	0	2	0	0	0	0	0	000000001000
0398	Θ	1	4	0	0	0	0	0	000000010001
0399	Ι	0	3	0	0	0	0	0	000000001100
039A	Κ	1	5	0	0	0	0	0	000000010101
039B	Λ	1	6	0	0	0	0	0	000000011001
039C	Μ	1	7	0	0	0	0	0	000000011101
039D	Ν	1	8	0	0	0	0	0	000000100001
039E	Ξ	1	9	0	0	0	0	0	000000100101
039F	Ο	0	4	0	0	0	0	0	000000010000
03A0	Π	1	10	0	0	0	0	0	000000101001
03A1	Ρ	0	7	0	0	0	0	0	000000011100
03A3	Σ	1	12	0	0	0	0	0	000000110001
03A4	Τ	1	13	0	0	0	0	0	000000110101
03A5	Υ	0	5	0	0	0	0	0	000000010100
03A6	Φ	1	14	0	0	0	0	0	000000111001
03A7	Χ	1	15	0	0	0	0	0	000000111101
03A8	Ψ	1	16	0	0	0	0	0	000001000001
03A9	Ω	0	6	0	0	0	0	0	000000011000
03AA	Ϊ	0	3	0	0	0	0	1	010000001100
03AB	Ϋ	0	5	0	0	0	0	1	010000010100
03AC	ά	0	0	1	0	1	0	0	000010000010
03AD	έ	0	1	1	0	1	0	0	000010000110
03AE	ή	0	2	1	0	1	0	0	000010001010
03AF	ί	0	3	1	0	1	0	0	000010001110
03B0	ΰ	0	5	1	0	1	0	1	010010010110
03B1	α	0	0	1	0	0	0	0	000000000010
03B2	β	1	0	1	0	0	0	0	000000000011
03B3	γ	1	1	1	0	0	0	0	000000000111
03B4	δ	1	2	1	0	0	0	0	000000001011
03B5	ε	0	1	1	0	0	0	0	000000000110
03B6	ζ	1	3	1	0	0	0	0	000000001111
03B7	η	0	2	1	0	0	0	0	000000001010
03B8	θ	1	4	1	0	0	0	0	000000010011
03B9	ι	0	3	1	0	0	0	0	000000001110
03BA	κ	1	5	1	0	0	0	0	000000010111
03BB	λ	1	6	1	0	0	0	0	000000011011
03BC	μ	1	7	1	0	0	0	0	000000011111
03BD	ν	1	8	1	0	0	0	0	000000100011
03BE	ξ	1	9	1	0	0	0	0	000000100111
03BF	ο	0	4	1	0	0	0	0	000000010010
03C0	π	1	10	1	0	0	0	0	000000101011
03C1	ρ	0	7	1	0	0	0	0	000000011110
03C2	ς	1	11	1	0	0	0	0	000000101111
03C3	σ	1	12	1	0	0	0	0	000000110011
03C4	τ	1	13	1	0	0	0	0	000000110111
03C5	υ	0	5	1	0	0	0	0	000000010110
03C6	φ	1	14	1	0	0	0	0	000000111011
03C7	χ	1	15	1	0	0	0	0	000000111111
03C8	ψ	1	16	1	0	0	0	0	000001000011
03C9	ω	0	6	1	0	0	0	0	000000011010
03CA	ϊ	0	3	1	0	0	0	1	010000001110
03CB	ϋ	0	5	1	0	0	0	1	010000010110
03CC	ό	0	4	1	0	1	0	0	000010010010
03CD	ύ	0	5	1	0	1	0	0	000010010110
03CE	ώ	0	6	1	0	1	0	0	000010011010
03DC	Ϝ	1	17	0	0	0	0	0	000001000101
03DD	ϝ	1	17	1	0	0	0	0	000001000111
1F00	ἀ	0	0	1	1	0	0	0	000000100010
1F01	ἁ	0	0	1	2	0	0	0	000001000010
1F02	ἂ	0	0	1	1	2	0	0	000100100010
1F03	ἃ	0	0	1	2	2	0	0	000101000010
1F04	ἄ	0	0	1	1	1	0	0	000010100010
1F05	ἅ	0	0	1	2	1	0	0	000011000010
1F06	ἆ	0	0	1	1	3	0	0	000110100010
1F07	ἇ	0	0	1	2	3	0	0	000111000010
1F08	Ἀ	0	0	0	1	0	0	0	000000100000
1F09	Ἁ	0	0	0	2	0	0	0	000001000000
1F0A	Ἂ	0	0	0	1	2	0	0	000100100000
1F0B	Ἃ	0	0	0	2	2	0	0	000101000000
1F0C	Ἄ	0	0	0	1	1	0	0	000010100000
1F0D	Ἅ	0	0	0	2	1	0	0	000011000000
1F0E	Ἆ	0	0	0	1	3	0	0	000110100000
1F0F	Ἇ	0	0	0	2	3	0	0	000111000000
1F10	ἐ	0	1	1	1	0	0	0	000000100110
1F11	ἑ	0	1	1	2	0	0	0	000001000110
1F12	ἒ	0	1	1	1	2	0	0	000100100110
1F13	ἓ	0	1	1	2	2	0	0	000101000110
1F14	ἔ	0	1	1	1	1	0	0	000010100110
1F15	ἕ	0	1	1	2	1	0	0	000011000110
1F18	Ἐ	0	1	0	1	0	0	0	000000100100
1F19	Ἑ	0	1	0	2	0	0	0	000001000100
1F1A	Ἒ	0	1	0	1	2	0	0	000100100100
1F1B	Ἓ	0	1	0	2	2	0	0	000101000100
1F1C	Ἔ	0	1	0	1	1	0	0	000010100100
1F1D	Ἕ	0	1	0	2	1	0	0	000011000100
1F20	ἠ	0	2	1	1	0	0	0	000000101010
1F21	ἡ	0	2	1	2	0	0	0	000001001010
1F22	ἢ	0	2	1	1	2	0	0	000100101010
1F23	ἣ	0	2	1	2	2	0	0	000101001010
1F24	ἤ	0	2	1	1	1	0	0	000010101010
1F25	ἥ	0	2	1	2	1	0	0	000011001010
1F26	ἦ	0	2	1	1	3	0	0	000110101010
1F27	ἧ	0	2	1	2	3	0	0	000111001010
1F28	Ἠ	0	2	0	1	0	0	0	000000101000
1F29	Ἡ	0	2	0	2	0	0	0	000001001000
1F2A	Ἢ	0	2	0	1	2	0	0	000100101000
1F2B	Ἣ	0	2	0	2	2	0	0	000101001000
1F2C	Ἤ	0	2	0	1	1	0	0	000010101000
1F2D	Ἥ	0	2	0	2	1	0	0	000011001000
1F2E	Ἦ	0	2	0	1	3	0	0	000110101000
1F2F	Ἧ	0	2	0	2	3	0	0	000111001000
1F30	ἰ	0	3	1	1	0	0	0	000000101110
1F31	ἱ	0	3	1	2	0	0	0	000001001110
1F32	ἲ	0	3	1	1	2	0	0	000100101110
1F33	ἳ	0	3	1	2	2	0	0	000101001110
1F34	ἴ	0	3	1	1	1	0	0	000010101110
1F35	ἵ	0	3	1	2	1	0	0	000011001110
1F36	ἶ	0	3	1	1	3	0	0	000110101110
1F37	ἷ	0	3	1	2	3	0	0	000111001110
1F38	Ἰ	0	3	0	1	0	0	0	000000101100
1F39	Ἱ	0	3	0	2	0	0	0	000001001100
1F3A	Ἲ	0	3	0	1	2	0	0	000100101100
1F3B	Ἳ	0	3	0	2	2	0	0	000101001100
1F3C	Ἴ	0	3	0	1	1	0	0	000010101100
1F3D	Ἵ	0	3	0	2	1	0	0	000011001100
1F3E	Ἶ	0	3	0	1	3	0	0	000110101100
1F3F	Ἷ	0	3	0	2	3	0	0	000111001100
1F40	ὀ	0	4	1	1	0	0	0	000000110010
1F41	ὁ	0	4	1	2	0	0	0	000001010010
1F42	ὂ	0	4	1	1	2	0	0	000100110010
1F43	ὃ	0	4	1	2	2	0	0	000101010010
1F44	ὄ	0	4	1	1	1	0	0	000010110010
1F45	ὅ	0	4	1	2	1	0	0	000011010010
1F48	Ὀ	0	4	0	1	0	0	0	000000110000
1F49	Ὁ	0	4	0	2	0	0	0	000001010000
1F4A	Ὂ	0	4	0	1	2	0	0	000100110000
1F4B	Ὃ	0	4	0	2	2	0	0	000101010000
1F4C	Ὄ	0	4	0	1	1	0	0	000010110000
1F4D	Ὅ	0	4	0	2	1	0	0	000011010000
1F50	ὐ	0	5	1	1	0	0	0	000000110110
1F51	ὑ	0	5	1	2	0	0	0	000001010110
1F52	ὒ	0	5	1	1	2	0	0	000100110110
1F53	ὓ	0	5	1	2	2	0	0	000101010110
1F54	ὔ	0	5	1	1	1	0	0	000010110110
1F55	ὕ	0	5	1	2	1	0	0	000011010110
1F56	ὖ	0	5	1	1	3	0	0	000110110110
1F57	ὗ	0	5	1	2	3	0	0	000111010110
1F59	Ὑ	0	5	0	2	0	0	0	000001010100
1F5B	Ὓ	0	5	0	2	2	0	0	000101010100
1F5D	Ὕ	0	5	0	2	1	0	0	000011010100
1F5F	Ὗ	0	5	0	2	3	0	0	000111010100
1F60	ὠ	0	6	1	1	0	0	0	000000111010
1F61	ὡ	0	6	1	2	0	0	0	000001011010
1F62	ὢ	0	6	1	1	2	0	0	000100111010
1F63	ὣ	0	6	1	2	2	0	0	000101011010
1F64	ὤ	0	6	1	1	1	0	0	000010111010
1F65	ὥ	0	6	1	2	1	0	0	000011011010
1F66	ὦ	0	6	1	1	3	0	0	000110111010
1F67	ὧ	0	6	1	2	3	0	0	000111011010
1F68	Ὠ	0	6	0	1	0	0	0	000000111000
1F69	Ὡ	0	6	0	2	0	0	0	000001011000
1F6A	Ὢ	0	6	0	1	2	0	0	000100111000
1F6B	Ὣ	0	6	0	2	2	0	0	000101011000
1F6C	Ὤ	0	6	0	1	1	0	0	000010111000
1F6D	Ὥ	0	6	0	2	1	0	0	000011011000
1F6E	Ὦ	0	6	0	1	3	0	0	000110111000
1F6F	Ὧ	0	6	0	2	3	0	0	000111011000
1F70	ὰ	0	0	1	0	2	0	0	000100000010
1F71	ά	0	0	1	0	1	0	0	000010000010
1F72	ὲ	0	1	1	0	2	0	0	000100000110
1F73	έ	0	1	1	0	1	0	0	000010000110
1F74	ὴ	0	2	1	0	2	0	0	000100001010
1F75	ή	0	2	1	0	1	0	0	000010001010
1F76	ὶ	0	3	1	0	2	0	0	000100001110
1F77	ί	0	3	1	0	1	0	0	000010001110
1F78	ὸ	0	4	1	0	2	0	0	000100010010
1F79	ό	0	4	1	0	1	0	0	000010010010
1F7A	ὺ	0	5	1	0	2	0	0	000100010110
1F7B	ύ	0	5	1	0	1	0	0	000010010110
1F7C	ὼ	0	6	1	0	2	0	0	000100011010
1F7D	ώ	0	6	1	0	1	0	0	000010011010
1F80	ᾀ	0	0	1	1	0	1	0	001000100010
1F81	ᾁ	0	0	1	2	0	1	0	001001000010
1F82	ᾂ	0	0	1	1	2	1	0	001100100010
1F83	ᾃ	0	0	1	2	2	1	0	001101000010
1F84	ᾄ	0	0	1	1	1	1	0	001010100010
1F85	ᾅ	0	0	1	2	1	1	0	001011000010
1F86	ᾆ	0	0	1	1	3	1	0	001110100010
1F87	ᾇ	0	0	1	2	3	1	0	001111000010
1F88	ᾈ	0	0	0	1	0	1	0	001000100000
1F89	ᾉ	0	0	0	2	0	1	0	001001000000
1F8A	ᾊ	0	0	0	1	2	1	0	001100100000
1F8B	ᾋ	0	0	0	2	2	1	0	001101000000
1F8C	ᾌ	0	0	0	1	1	1	0	001010100000
1F8D	ᾍ	0	0	0	2	1	1	0	001011000000
1F8E	ᾎ	0	0	0	1	3	1	0	001110100000
1F8F	ᾏ	0	0	0	2	3	1	0	001111000000
1F90	ᾐ	0	2	1	1	0	1	0	001000101010
1F91	ᾑ	0	2	1	2	0	1	0	001001001010
1F92	ᾒ	0	2	1	1	2	1	0	001100101010
1F93	ᾓ	0	2	1	2	2	1	0	001101001010
1F94	ᾔ	0	2	1	1	1	1	0	001010101010
1F95	ᾕ	0	2	1	2	1	1	0	001011001010
1F96	ᾖ	0	2	1	1	3	1	0	001110101010
1F97	ᾗ	0	2	1	2	3	1	0	001111001010
1F98	ᾘ	0	2	0	1	0	1	0	001000101000
1F99	ᾙ	0	2	0	2	0	1	0	001001001000
1F9A	ᾚ	0	2	0	1	2	1	0	001100101000
1F9B	ᾛ	0	2	0	2	2	1	0	001101001000
1F9C	ᾜ	0	2	0	1	1	1	0	001010101000
1F9D	ᾝ	0	2	0	2	1	1	0	001011001000
1F9E	ᾞ	0	2	0	1	3	1	0	001110101000
1F9F	ᾟ	0	2	0	2	3	1	0	001111001000
1FA0	ᾠ	0	6	1	1	0	1	0	001000111010
1FA1	ᾡ	0	6	1	2	0	1	0	001001011010
1FA2	ᾢ	0	6	1	1	2	1	0	001100111010
1FA3	ᾣ	0	6	1	2	2	1	0	001101011010
1FA4	ᾤ	0	6	1	1	1	1	0	001010111010
1FA5	ᾥ	0	6	1	2	1	1	0	001011011010
1FA6	ᾦ	0	6	1	1	3	1	0	001110111010
1FA7	ᾧ	0	6	1	2	3	1	0	001111011010
1FA8	ᾨ	0	6	0	1	0	1	0	001000111000
1FA9	ᾩ	0	6	0	2	0	1	0	001001011000
1FAA	ᾪ	0	6	0	1	2	1	0	001100111000
1FAB	ᾫ	0	6	0	2	2	1	0	001101011000
1FAC	ᾬ	0	6	0	1	1	1	0	001010111000
1FAD	ᾭ	0	6	0	2	1	1	0	001011011000
1FAE	ᾮ	0	6	0	1	3	1	0	001110111000
1FAF	ᾯ	0	6	0	2	3	1	0	001111011000
1FB0	ᾰ	0	0	1	0	0	0	3	110000000010
1FB1	ᾱ	0	0	1	0	0	0	2	100000000010
1FB2	ᾲ	0	0	1	0	2	1	0	001100000010
1FB3	ᾳ	0	0	1	0	0	1	0	001000000010
1FB4	ᾴ	0	0	1	0	1	1	0	001010000010
1FB6	ᾶ	0	0	1	0	3	0	0	000110000010
1FB7	ᾷ	0	0	1	0	3	1	0	001110000010
1FB8	Ᾰ	0	0	0	0	0	0	3	110000000000
1FB9	Ᾱ	0	0	0	0	0	0	2	100000000000
1FBA	Ὰ	0	0	0	0	2	0	0	000100000000
1FBB	Ά	0	0	0	0	1	0	0	000010000000
1FBC	ᾼ	0	0	0	0	0	1	0	001000000000
1FC2	ῂ	0	2	1	0	2	1	0	001100001010
1FC3	ῃ	0	2	1	0	0	1	0	001000001010
1FC4	ῄ	0	2	1	0	1	1	0	001010001010
1FC6	ῆ	0	2	1	0	3	0	0	000110001010
1FC7	ῇ	0	2	1	0	3	1	0	001110001010
1FC8	Ὲ	0	1	0	0	2	0	0	000100000100
1FC9	Έ	0	1	0	0	1	0	0	000010000100
1FCA	Ὴ	0	2	0	0	2	0	0	000100001000
1FCB	Ή	0	2	0	0	1	0	0	000010001000
1FCC	ῌ	0	2	0	0	0	1	0	001000001000
1FD0	ῐ	0	3	1	0	0	0	3	110000001110
1FD1	ῑ	0	3	1	0	0	0	2	100000001110
1FD2	ῒ	0	3	1	0	2	0	1	010100001110
1FD3	ΐ	0	3	1	0	1	0	1	010010001110
1FD6	ῖ	0	3	1	0	3	0	0	000110001110
1FD7	ῗ	0	3	1	0	3	0	1	010110001110
1FD8	Ῐ	0	3	0	0	0	0	3	110000001100
1FD9	Ῑ	0	3	0	0	0	0	2	100000001100
1FDA	Ὶ	0	3	0	0	2	0	0	000100001100
1FDB	Ί	0	3	0	0	1	0	0	000010001100
1FE0	ῠ	0	5	1	0	0	0	3	110000010110
1FE1	ῡ	0	5	1	0	0	0	2	100000010110
1FE2	ῢ	0	5	1	0	2	0	1	010100010110
1FE3	ΰ	0	5	1	0	1	0	1	010010010110
1FE4	ῤ	0	7	1	1	0	0	0	000000111110
1FE5	ῥ	0	7	1	2	0	0	0	000001011110
1FE6	ῦ	0	5	1	0	3	0	0	000110010110
1FE7	ῧ	0	5	1	0	3	0	1	010110010110
1FE8	Ῠ	0	5	0	0	0	0	3	110000010100
1FE9	Ῡ	0	5	0	0	0	0	2	100000010100
1FEA	Ὺ	0	5	0	0	2	0	0	000100010100
1FEB	Ύ	0	5	0	0	1	0	0	000010010100
1FEC	Ῥ	0	7	0	2	0	0	0	000001011100
1FF2	ῲ	0	6	1	0	2	1	0	001100011010
1FF3	ῳ	0	6	1	0	0	1	0	001000011010
1FF4	ῴ	0	6	1	0	1	1	0	001010011010
1FF6	ῶ	0	6	1	0	3	0	0	000110011010
1FF7	ῷ	0	6	1	0	3	1	0	001110011010
1FF8	Ὸ	0	4	0	0	2	0	0	000100010000
1FF9	Ό	0	4	0	0	1	0	0	000010010000
1FFA	Ὼ	0	6	0	0	2	0	0	000100011000
1FFB	Ώ	0	6	0	0	1	0	0	000010011000
1FFC	ῼ	0	6	0	0	0	1	0	001000011000
